                  [38;2;15;183;190m-[38;2;15;185;189m`[0m
                 [38;2;15;183;190m.[38;2;15;185;189mo[38;2;14;187;188m+[38;2;14;189;187m`[0m
                [38;2;15;183;190m`[38;2;15;185;189mo[38;2;14;187;188mo[38;2;14;189;187mo[38;2;14;191;186m/[0m
               [38;2;15;183;190m`[38;2;15;185;189m+[38;2;14;187;188mo[38;2;14;189;187mo[38;2;14;191;186mo[38;2;13;193;185mo[38;2;13;195;184m:[0m
              [38;2;15;183;190m`[38;2;15;185;189m+[38;2;14;187;188mo[38;2;14;189;187mo[38;2;14;191;186mo[38;2;13;193;185mo[38;2;13;195;184mo[38;2;12;197;183mo[38;2;12;199;182m:[0m
              [38;2;15;185;189m-[38;2;14;187;188m+[38;2;14;189;187mo[38;2;14;191;186mo[38;2;13;193;185mo[38;2;13;195;184mo[38;2;12;197;183mo[38;2;12;199;182mo[38;2;12;201;181m+[38;2;11;203;180m:[0m
            [38;2;15;183;190m`[38;2;15;185;189m/[38;2;14;187;188m:[38;2;14;189;187m-[38;2;14;191;186m:[38;2;13;193;185m+[38;2;13;195;184m+[38;2;12;197;183mo[38;2;12;199;182mo[38;2;12;201;181mo[38;2;11;203;180mo[38;2;11;205;179m+[38;2;10;207;178m:[0m
           [38;2;15;183;190m`[38;2;15;185;189m/[38;2;14;187;188m+[38;2;14;189;187m+[38;2;14;191;186m+[38;2;13;193;185m+[38;2;13;195;184m/[38;2;12;197;183m+[38;2;12;199;182m+[38;2;12;201;181m+[38;2;11;203;180m+[38;2;11;205;179m+[38;2;10;207;178m+[38;2;10;209;177m+[38;2;9;211;176m:[0m
          [38;2;15;183;190m`[38;2;15;185;189m/[38;2;14;187;188m+[38;2;14;189;187m+[38;2;14;191;186m+[38;2;13;193;185m+[38;2;13;195;184m+[38;2;12;197;183m+[38;2;12;199;182m+[38;2;12;201;181m+[38;2;11;203;180m+[38;2;11;205;179m+[38;2;10;207;178m+[38;2;10;209;177m+[38;2;9;211;176m+[38;2;9;213;175m+[38;2;9;215;174m:[0m
         [38;2;15;183;190m`[38;2;15;185;189m/[38;2;14;187;188m+[38;2;14;189;187m+[38;2;14;191;186m+[38;2;13;193;185mo[38;2;13;195;184mo[38;2;12;197;183mo[38;2;12;199;182mo[38;2;12;201;181mo[38;2;11;203;180mo[38;2;11;205;179mo[38;2;10;207;178mo[38;2;10;209;177mo[38;2;9;211;176mo[38;2;9;213;175mo[38;2;9;215;174mo[38;2;8;217;173mo[38;2;8;219;172m/[38;2;7;221;171m`[0m
        [38;2;15;183;190m.[38;2;15;185;189m/[38;2;14;187;188mo[38;2;14;189;187mo[38;2;14;191;186mo[38;2;13;193;185ms[38;2;13;195;184ms[38;2;12;197;183ms[38;2;12;199;182ms[38;2;12;201;181mo[38;2;11;203;180m+[38;2;11;205;179m+[38;2;10;207;178mo[38;2;10;209;177ms[38;2;9;211;176ms[38;2;9;213;175ms[38;2;9;215;174ms[38;2;8;217;173ms[38;2;8;219;172ms[38;2;7;221;171mo[38;2;7;223;170m+[38;2;6;225;169m`[0m
       [38;2;15;183;190m.[38;2;15;185;189mo[38;2;14;187;188mo[38;2;14;189;187ms[38;2;14;191;186ms[38;2;13;193;185ms[38;2;13;195;184ms[38;2;12;197;183ms[38;2;12;199;182mo[38;2;12;201;181m-[38;2;11;203;180m`[38;2;11;205;179m`[38;2;10;207;178m`[38;2;10;209;177m`[38;2;9;211;176m/[38;2;9;213;175mo[38;2;9;215;174ms[38;2;8;217;173ms[38;2;8;219;172ms[38;2;7;221;171ms[38;2;7;223;170ms[38;2;6;225;169ms[38;2;6;227;168m+[38;2;6;229;166m`[0m
      [38;2;15;183;190m-[38;2;15;185;189mo[38;2;14;187;188ms[38;2;14;189;187ms[38;2;14;191;186ms[38;2;13;193;185ms[38;2;13;195;184ms[38;2;12;197;183ms[38;2;12;199;182mo[38;2;12;201;181m.      [38;2;9;215;174m:[38;2;8;217;173ms[38;2;8;219;172ms[38;2;7;221;171ms[38;2;7;223;170ms[38;2;6;225;169ms[38;2;6;227;168ms[38;2;6;229;166ms[38;2;5;231;165mo[38;2;5;233;164m.[0m
     [38;2;15;183;190m:[38;2;15;185;189mo[38;2;14;187;188ms[38;2;14;189;187ms[38;2;14;191;186ms[38;2;13;193;185ms[38;2;13;195;184ms[38;2;12;197;183ms[38;2;12;199;182ms[38;2;12;201;181m/        [38;2;8;219;172mo[38;2;7;221;171ms[38;2;7;223;170ms[38;2;6;225;169ms[38;2;6;227;168ms[38;2;6;229;166mo[38;2;5;231;165m+[38;2;5;233;164m+[38;2;4;235;163m+[38;2;4;237;162m.[0m
    [38;2;15;183;190m/[38;2;15;185;189mo[38;2;14;187;188ms[38;2;14;189;187ms[38;2;14;191;186ms[38;2;13;193;185ms[38;2;13;195;184ms[38;2;12;197;183ms[38;2;12;199;182ms[38;2;12;201;181ms[38;2;11;203;180m/        [38;2;7;221;171m+[38;2;7;223;170ms[38;2;6;225;169ms[38;2;6;227;168ms[38;2;6;229;166ms[38;2;5;231;165mo[38;2;5;233;164mo[38;2;4;235;163mo[38;2;4;237;162m/[38;2;3;239;161m-[0m
  [38;2;16;181;191m`[38;2;15;183;190m/[38;2;15;185;189mo[38;2;14;187;188ms[38;2;14;189;187ms[38;2;14;191;186ms[38;2;13;193;185ms[38;2;13;195;184ms[38;2;12;197;183mo[38;2;12;199;182m+[38;2;12;201;181m/[38;2;11;203;180m:[38;2;11;205;179m-        [38;2;7;223;170m-[38;2;6;225;169m:[38;2;6;227;168m/[38;2;6;229;166m+[38;2;5;231;165mo[38;2;5;233;164ms[38;2;4;235;163ms[38;2;4;237;162ms[38;2;3;239;161ms[38;2;3;241;160mo[38;2;3;243;159m+[38;2;2;245;158m-[0m
 [38;2;16;181;191m`[38;2;15;183;190m+[38;2;15;185;189ms[38;2;14;187;188ms[38;2;14;189;187mo[38;2;14;191;186m+[38;2;13;193;185m:[38;2;13;195;184m-[38;2;12;197;183m`                 [38;2;5;233;164m`[38;2;4;235;163m.[38;2;4;237;162m-[38;2;3;239;161m/[38;2;3;241;160m+[38;2;3;243;159mo[38;2;2;245;158ms[38;2;2;247;157mo[38;2;1;249;156m:[0m
[38;2;16;181;191m`[38;2;15;183;190m+[38;2;15;185;189m+[38;2;14;187;188m:[38;2;14;189;187m.                           [38;2;2;245;158m`[38;2;2;247;157m-[38;2;1;249;156m/[38;2;1;251;155m+[38;2;0;253;154m/[0m
[38;2;15;183;190m.[38;2;15;185;189m`                                 [38;2;0;253;154m`[38;2;0;255;153m/[0m
